; Calibration constants for run 99, 419600 events processed

shms_neg_pre_gain= 0.767, 1.059, 0.728, 0.974, 0.624, 1.393, 0.737, 0.762, 0.640, 1.008, 0.592, 0.778, 2.157, 1.644,
shms_pos_pre_gain= 1.465, 0.918, 1.230, 0.634, 1.030, 0.993, 0.679, 1.324, 1.330, 0.676, 1.554, 0.543, 3.549, 2.519,
shms_shower_gain = 5.854,-0.852,-1.545, 0.629, 7.244, 8.069, 0.000, 2.558, 3.494, 0.164,-0.383, 0.654, 2.334, 5.732, 0.000, 0.000,
                  -0.500,-0.104, 1.010, 0.883, 5.431, 3.131, 2.196, 2.087, 4.549, 0.218, 0.401, 0.553, 0.620,-0.353, 3.940, 3.668,
                   0.524, 0.552, 0.791, 1.263, 0.112, 1.340, 3.863, 0.439, 1.118, 1.220, 0.637, 0.882, 0.613, 0.745, 0.231, 2.611,
                   0.700, 0.554, 1.063, 0.861, 0.853, 0.403, 0.827, 0.595, 1.301, 1.185, 0.556, 0.544, 0.560, 1.007, 0.505, 0.893,
                   0.885, 0.643, 0.909, 0.701, 0.492, 0.503, 0.632, 0.942, 0.817, 1.248, 0.691, 1.389, 1.055, 0.760, 0.754, 1.959,
                   1.160, 1.008, 0.623, 0.570, 0.528, 0.549, 0.588, 0.715, 0.548, 0.537, 0.798, 0.730, 0.933, 0.700, 0.540, 1.256,
                   0.797, 0.575, 0.540, 1.235, 0.483, 0.467, 0.673, 1.022, 0.925, 0.534, 1.097, 0.565, 1.120, 0.528, 0.624, 1.293,
                   0.751, 0.658, 0.489, 0.971, 0.478, 1.255, 0.540, 0.523, 0.493, 0.574, 0.651, 0.817, 0.695, 1.311, 0.465, 0.940,
                   0.596, 0.502, 0.800, 0.872, 0.932, 0.542, 1.231, 0.782, 0.682, 1.319, 1.365, 1.000, 0.642, 0.928, 0.067, 6.466,
                   0.766, 1.330, 0.525, 0.610, 0.717, 0.986, 0.567, 0.676, 0.882, 0.605, 1.132, 0.832, 0.505, 1.335, 0.921, 7.016,
                   0.526, 0.672, 0.627, 0.674, 0.641, 0.969, 0.978, 0.861, 0.732, 0.639, 0.912, 0.773, 0.881, 0.807, 0.923,-0.182,
                   2.201, 0.476, 0.917, 0.369, 1.173, 2.446, 0.655, 3.610, 1.018, 0.781, 0.604, 0.964, 0.908, 0.517, 0.495,-0.610,
                   2.138, 1.103, 1.235, 0.308, 0.350, 5.405, 3.769, 0.009, 5.717, 2.330, 0.765, 0.968, 0.691,-0.197,-0.798, 1.598,
                   0.000, 0.763,-3.086,-3.398, 1.519, 6.277,-1.017, 0.819, 4.970, 7.531, 1.554, 4.014, 0.442, 1.606,-2.017, 0.000,
